12 4 21 32 5 51 62 14 3 25 1 
4 12 21 32 5 51 62 14 3 25 1 
3 12 21 32 5 51 62 14 4 25 1 
1 12 21 32 5 51 62 14 4 25 3 
1 5 21 32 12 51 62 14 4 25 3 
1 4 21 32 12 51 62 14 5 25 3 
1 3 21 32 12 51 62 14 5 25 4 
1 3 12 32 21 51 62 14 5 25 4 
1 3 5 32 21 51 62 14 12 25 4 
1 3 4 32 21 51 62 14 12 25 5 
1 3 4 21 32 51 62 14 12 25 5 
1 3 4 14 32 51 62 21 12 25 5 
1 3 4 12 32 51 62 21 14 25 5 
1 3 4 5 32 51 62 21 14 25 12 
1 3 4 5 21 51 62 32 14 25 12 
1 3 4 5 14 51 62 32 21 25 12 
1 3 4 5 12 51 62 32 21 25 14 
1 3 4 5 12 32 62 51 21 25 14 
1 3 4 5 12 21 62 51 32 25 14 
1 3 4 5 12 14 62 51 32 25 21 
1 3 4 5 12 14 51 62 32 25 21 
1 3 4 5 12 14 32 62 51 25 21 
1 3 4 5 12 14 25 62 51 32 21 
1 3 4 5 12 14 21 62 51 32 25 
1 3 4 5 12 14 21 51 62 32 25 
1 3 4 5 12 14 21 32 62 51 25 
1 3 4 5 12 14 21 25 62 51 32 
1 3 4 5 12 14 21 25 51 62 32 
1 3 4 5 12 14 21 25 32 62 51 
1 3 4 5 12 14 21 25 32 51 62 
